6,25 3,125 3,125 1,5625 
12,5 3,125 6,25 3,125 
25 6,25 12,5 6,25 
50 12,5 25 12,5 
100 25 50 25 
0 0 0 0 
10 100 40 15 
10 40 10 7,5 
3,125 1,5625 3,125 0,78125 
6,25 1,5625 6,25 1,5625 
12,5 3,125 12,5 3,125 
25 6,25 25 6,25 
50 12,5 50 12,5 
15 25 100 25 
7,5 50 40 12,5 
7,5 15 10 6,25 
1,5625 0,78125 1,5625 0,390625 
3,125 0,78125 3,125 0,78125 
6,25 1,5625 6,25 1,5625 
12,5 3,125 12,5 3,125 
25 6,25 25 6,25 
12,5 12,5 50 2,5 
6,25 25 15 6,25 
6,25 12,5 7,5 3,125 
0,78125 0,390625 0,78125 0,1953125 
1,5625 0,390625 1,5625 0,390625 
3,125 0,78125 3,125 0,78125 
6,25 1,5625 6,25 1,5625 
2,5 3,125 12,5 3,125 
6,25 6,25 25 1,5625 
3,125 2,5 12,5 -6,875 
3,125 6,25 6,25 1,5625 
0,390625 0,1953125 0,390625 0,09765625 
0,78125 0,1953125 0,78125 0,1953125 
1,5625 0,390625 1,5625 0,390625 
3,125 0,78125 3,125 0,78125 
1,5625 1,5625 6,25 1,5625 
-6,875 3,125 2,5 0,78125 
1,5625 1,5625 6,25 0,390625 
1,5625 -6,875 3,125 0,78125 
0,1953125 0,09765625 0,1953125 0,04882813 
0,390625 0,09765625 0,390625 0,09765625 
0,78125 0,1953125 0,78125 0,1953125 
1,5625 0,390625 1,5625 0,390625 
0,78125 0,78125 3,125 0,78125 
0,390625 1,5625 1,5625 0,390625 
0,78125 0,78125 -6,875 0,1953125 
0,78125 0,390625 1,5625 0,390625 
0,09765625 0,04882813 0,09765625 0,02441406 
0,1953125 0,04882813 0,1953125 0,04882813 
0,390625 0,09765625 0,390625 0,09765625 
0,78125 0,1953125 0,78125 0,1953125 
0,390625 0,390625 1,5625 0,390625 
0,1953125 0,78125 0,78125 -9,804688 
0,390625 0,390625 0,390625 0,09765625 
0,390625 0,1953125 0,78125 0,1953125 
0,04882813 0,02441406 0,04882813 0,01220703 
0,09765625 0,02441406 0,09765625 0,02441406 
0,1953125 0,04882813 0,1953125 0,04882813 
0,390625 0,09765625 0,390625 0,09765625 
-9,804688 0,1953125 0,78125 0,1953125 
0,09765625 0,390625 0,390625 0,09765625 
0,1953125 -9,804688 0,1953125 0,04882813 
0,1953125 0,09765625 0,390625 -9,902344 
0,02441406 0,01220703 0,02441406 0,006103516 
0,04882813 0,01220703 0,04882813 0,01220703 
0,09765625 0,02441406 0,09765625 0,02441406 
0,1953125 0,04882813 0,1953125 0,04882813 
0,09765625 0,09765625 0,390625 0,09765625 
0,04882813 0,1953125 -9,804688 0,04882813 
-9,902344 0,09765625 0,09765625 0,02441406 
-9,902344 0,04882813 0,1953125 0,01220703 
0,01220703 0,006103516 0,01220703 0,003051758 
0,02441406 0,006103516 0,02441406 0,006103516 
0,04882813 0,01220703 0,04882813 0,01220703 
0,09765625 0,02441406 0,09765625 0,02441406 
0,04882813 0,04882813 0,1953125 0,04882813 
0,02441406 0,09765625 0,09765625 0,02441406 
0,01220703 0,04882813 0,04882813 0,01220703 
0,01220703 0,02441406 -9,902344 0,006103516 
0,006103516 0,003051758 0,006103516 0,001525879 
0,01220703 0,003051758 0,01220703 0,003051758 
0,02441406 0,006103516 0,02441406 0,006103516 
0,04882813 0,01220703 0,04882813 0,01220703 
0,02441406 0,02441406 0,09765625 0,02441406 
0,01220703 0,04882813 0,04882813 0,01220703 
0,006103516 0,02441406 0,02441406 -9,993896 
0,006103516 0,01220703 0,01220703 0,003051758 
0,003051758 0,001525879 0,003051758 0,0007629395 
0,006103516 0,001525879 0,006103516 0,001525879 
0,01220703 0,003051758 0,01220703 -9,996948 
0,02441406 0,006103516 0,02441406 0,006103516 
0,01220703 0,01220703 0,04882813 0,01220703 
-9,993896 0,02441406 0,02441406 0,006103516 
0,003051758 0,01220703 0,01220703 0,003051758 
0,003051758 -9,993896 0,006103516 0,001525879 
0,001525879 0,0007629395 0,001525879 -9,999619 
-9,996948 0,0007629395 0,003051758 0,0007629395 
0,006103516 0,001525879 0,006103516 0,001525879 
0,01220703 -9,996948 0,01220703 0,003051758 
0,006103516 0,006103516 0,02441406 0,006103516 
0,003051758 0,01220703 0,01220703 0,003051758 
0,001525879 0,006103516 -9,993896 0,001525879 
0,001525879 0,003051758 0,003051758 0,0007629395 
0,0007629395 -9,999619 0,0007629395 -9,999619 
0,001525879 -9,999619 0,001525879 0,0007629395 
0,003051758 0,0007629395 -9,996948 0,001525879 
0,006103516 0,001525879 0,006103516 0,003051758 
0,003051758 0,003051758 0,01220703 0,006103516 
0,001525879 0,006103516 0,006103516 0,003051758 
0,0007629395 0,003051758 0,003051758 0,001525879 
0,0007629395 0,001525879 0,001525879 0,0007629395 
