0,1953125 0,09765625 0,09765625 0,1953125 
0,390625 0,09765625 0,1953125 0,390625 
-9,21875 0,1953125 0,390625 0,78125 
-8,4375 0,390625 -9,21875 1,5625 
0,78125 -9,21875 -8,4375 3,125 
0,390625 -8,4375 0,78125 1,5625 
0,1953125 0,78125 0,390625 0,78125 
0,1953125 0,390625 0,1953125 0,390625 
0,390625 0,1953125 0,09765625 0,390625 
0,78125 0,1953125 0,1953125 0,78125 
1,5625 0,390625 0,390625 1,5625 
3,125 0,78125 -9,21875 3,125 
1,5625 1,5625 -8,4375 6,25 
0,78125 3,125 0,78125 3,125 
0,390625 1,5625 0,390625 -8,4375 
0,390625 0,78125 0,1953125 0,78125 
0,78125 0,390625 0,1953125 0,78125 
1,5625 0,390625 0,390625 1,5625 
3,125 0,78125 0,78125 3,125 
6,25 1,5625 1,5625 6,25 
3,125 3,125 3,125 12,5 
-8,4375 6,25 1,5625 6,25 
0,78125 3,125 0,78125 -6,875 
0,78125 -8,4375 0,390625 1,5625 
1,5625 0,78125 0,390625 -8,4375 
3,125 0,78125 0,78125 3,125 
6,25 1,5625 1,5625 6,25 
12,5 3,125 3,125 12,5 
6,25 6,25 6,25 25 
-6,875 12,5 3,125 12,5 
1,5625 6,25 -8,4375 -3,75 
1,5625 -6,875 0,78125 3,125 
3,125 -8,4375 0,78125 3,125 
6,25 -8,4375 1,5625 6,25 
12,5 3,125 3,125 12,5 
25 6,25 6,25 25 
12,5 12,5 12,5 50 
-3,75 25 6,25 25 
3,125 12,5 -6,875 12,5 
3,125 -3,75 1,5625 6,25 
6,25 3,125 -8,4375 -5 
12,5 3,125 3,125 10 
25 6,25 6,25 20 
50 12,5 12,5 40 
25 25 25 100 
12,5 50 12,5 50 
6,25 25 -3,75 15 
6,25 12,5 3,125 7,5 
10 -5 3,125 3,125 
20 -5 6,25 6,25 
40 10 12,5 12,5 
100 20 25 25 
0 0 0 0 
15 100 25 25 
7,5 50 12,5 12,5 
7,5 15 6,25 6,25 
6,25 3,125 -5 1,5625 
12,5 3,125 10 3,125 
25 6,25 20 6,25 
50 12,5 40 12,5 
25 25 100 25 
12,5 50 50 12,5 
6,25 25 15 6,25 
6,25 12,5 7,5 3,125 
3,125 1,5625 3,125 0,78125 
6,25 1,5625 6,25 1,5625 
12,5 3,125 12,5 3,125 
25 6,25 25 6,25 
12,5 12,5 50 12,5 
6,25 25 25 6,25 
3,125 12,5 12,5 3,125 
3,125 6,25 6,25 1,5625 
1,5625 0,78125 1,5625 0,390625 
3,125 0,78125 3,125 0,78125 
6,25 1,5625 6,25 1,5625 
12,5 3,125 12,5 3,125 
6,25 6,25 25 6,25 
3,125 12,5 12,5 3,125 
1,5625 6,25 6,25 1,5625 
1,5625 3,125 3,125 0,78125 
0,78125 0,390625 0,78125 0,1953125 
1,5625 0,390625 1,5625 0,390625 
3,125 0,78125 3,125 0,78125 
6,25 1,5625 6,25 1,5625 
3,125 3,125 12,5 3,125 
1,5625 6,25 6,25 1,5625 
0,78125 3,125 3,125 0,78125 
0,78125 1,5625 1,5625 0,390625 
0,390625 0,1953125 0,390625 0,09765625 
0,78125 0,1953125 0,78125 0,1953125 
1,5625 0,390625 1,5625 0,390625 
3,125 0,78125 3,125 0,78125 
1,5625 1,5625 6,25 -8,4375 
0,78125 3,125 3,125 0,78125 
0,390625 1,5625 1,5625 0,390625 
0,390625 0,78125 0,78125 0,1953125 
0,1953125 0,09765625 0,1953125 0,04882813 
0,390625 0,09765625 0,390625 0,09765625 
0,78125 0,1953125 0,78125 0,1953125 
-8,4375 0,390625 1,5625 0,390625 
0,78125 0,78125 3,125 0,1953125 
0,390625 -8,4375 1,5625 0,390625 
0,1953125 0,78125 0,78125 0,1953125 
0,1953125 0,390625 0,390625 0,09765625 
0,09765625 0,04882813 0,09765625 0,04882813 
0,1953125 0,04882813 0,1953125 0,09765625 
0,390625 0,09765625 0,390625 0,1953125 
0,1953125 0,1953125 0,78125 0,390625 
0,390625 0,390625 -8,4375 0,1953125 
0,1953125 0,1953125 0,78125 0,390625 
0,09765625 0,390625 0,390625 0,1953125 
0,09765625 0,1953125 0,1953125 0,09765625 
