0,001525879 0,0007629395 0,0007629395 0,001525879 
0,003051758 0,0007629395 0,001525879 0,003051758 
0,006103516 0,001525879 0,003051758 0,006103516 
0,01220703 0,003051758 0,006103516 0,01220703 
0,006103516 0,006103516 0,01220703 0,02441406 
0,01220703 0,01220703 0,006103516 -9,987793 
0,006103516 0,006103516 0,01220703 0,02441406 
0,006103516 0,01220703 0,006103516 0,01220703 
0,003051758 0,001525879 0,0007629395 0,003051758 
0,006103516 0,001525879 0,001525879 0,006103516 
0,01220703 0,003051758 0,003051758 0,01220703 
0,02441406 0,006103516 0,006103516 0,02441406 
-9,987793 0,01220703 0,01220703 0,04882813 
0,02441406 0,02441406 0,006103516 0,02441406 
0,01220703 -9,987793 0,01220703 0,04882813 
0,01220703 0,02441406 0,006103516 0,02441406 
0,006103516 0,003051758 0,001525879 0,006103516 
0,01220703 0,003051758 0,003051758 -9,987793 
0,02441406 0,006103516 0,006103516 0,02441406 
0,04882813 0,01220703 0,01220703 0,04882813 
0,02441406 0,02441406 0,02441406 0,09765625 
0,04882813 0,04882813 -9,987793 0,04882813 
0,02441406 0,02441406 0,02441406 0,09765625 
0,02441406 0,04882813 0,01220703 0,04882813 
-9,987793 0,006103516 0,003051758 0,01220703 
0,02441406 0,006103516 0,006103516 0,02441406 
0,04882813 -9,987793 0,01220703 0,04882813 
0,09765625 0,02441406 0,02441406 0,09765625 
0,04882813 0,04882813 0,04882813 0,1953125 
0,09765625 0,09765625 0,02441406 0,09765625 
0,04882813 0,04882813 0,04882813 0,1953125 
0,04882813 0,09765625 0,02441406 0,09765625 
0,02441406 0,01220703 0,006103516 0,02441406 
0,04882813 0,01220703 -9,987793 0,04882813 
0,09765625 0,02441406 0,02441406 0,09765625 
0,1953125 0,04882813 0,04882813 0,1953125 
0,09765625 0,09765625 0,09765625 0,390625 
0,1953125 0,1953125 0,04882813 -9,804688 
0,09765625 0,09765625 0,09765625 0,390625 
0,09765625 0,1953125 0,04882813 0,1953125 
0,04882813 0,02441406 0,01220703 0,04882813 
0,09765625 0,02441406 0,02441406 0,09765625 
0,1953125 0,04882813 0,04882813 -9,804688 
0,390625 0,09765625 0,09765625 0,390625 
-9,804688 0,1953125 0,1953125 0,78125 
0,390625 0,390625 0,09765625 0,390625 
0,1953125 -9,804688 0,1953125 0,78125 
0,1953125 0,390625 0,09765625 0,390625 
0,09765625 0,04882813 0,02441406 0,09765625 
-9,804688 0,04882813 0,04882813 0,1953125 
0,390625 0,09765625 0,09765625 0,390625 
0,78125 -9,804688 0,1953125 -9,21875 
0,390625 0,390625 0,390625 1,5625 
0,78125 0,78125 -9,804688 -6,875 
0,390625 0,390625 0,390625 1,5625 
0,390625 0,78125 0,1953125 0,78125 
0,1953125 0,09765625 0,04882813 0,1953125 
0,390625 0,09765625 0,09765625 -9,609375 
-9,21875 0,1953125 -9,804688 0,78125 
1,5625 0,390625 0,390625 1,5625 
-6,875 -9,21875 0,78125 3,125 
1,5625 1,5625 0,390625 6,25 
0,78125 -6,875 0,78125 3,125 
0,78125 1,5625 0,390625 1,5625 
-9,609375 0,1953125 0,09765625 0,390625 
0,78125 0,1953125 0,1953125 0,78125 
1,5625 -9,609375 0,390625 1,5625 
3,125 0,78125 -9,21875 3,125 
6,25 1,5625 1,5625 6,25 
3,125 3,125 -6,875 12,5 
1,5625 6,25 1,5625 6,25 
1,5625 3,125 0,78125 3,125 
0,78125 0,390625 0,1953125 0,78125 
1,5625 0,390625 -9,609375 1,5625 
3,125 0,78125 0,78125 3,125 
6,25 1,5625 1,5625 6,25 
12,5 3,125 3,125 2,5 
6,25 6,25 6,25 25 
3,125 12,5 3,125 12,5 
3,125 6,25 1,5625 6,25 
1,5625 0,78125 0,390625 1,5625 
3,125 0,78125 0,78125 3,125 
6,25 1,5625 1,5625 6,25 
2,5 3,125 3,125 12,5 
25 6,25 6,25 25 
12,5 2,5 12,5 50 
6,25 25 6,25 15 
6,25 12,5 3,125 12,5 
3,125 1,5625 0,78125 3,125 
6,25 1,5625 1,5625 6,25 
12,5 3,125 3,125 12,5 
25 6,25 6,25 25 
50 12,5 2,5 50 
15 25 25 100 
12,5 50 12,5 50 
12,5 15 6,25 25 
6,25 3,125 1,5625 1,5625 
12,5 3,125 3,125 3,125 
25 6,25 6,25 6,25 
50 12,5 12,5 12,5 
100 25 25 15 
0 0 0 0 
25 100 15 25 
25 50 12,5 12,5 
3,125 1,5625 3,125 1,5625 
6,25 1,5625 6,25 3,125 
12,5 3,125 12,5 6,25 
15 6,25 25 12,5 
50 12,5 50 15 
25 15 100 49,99998 
12,5 50 50 25 
12,5 25 25 12,5 
