0,390625 0,1953125 0,1953125 0,390625 
0,78125 0,1953125 0,390625 0,78125 
1,5625 0,390625 0,78125 1,5625 
3,125 0,78125 1,5625 3,125 
6,25 1,5625 3,125 6,25 
12,5 3,125 6,25 12,5 
25 6,25 12,5 25 
25 12,5 25 50 
0,78125 0,390625 0,1953125 0,1953125 
1,5625 0,390625 0,390625 0,390625 
3,125 0,78125 0,78125 0,78125 
6,25 1,5625 1,5625 -3,75 
12,5 3,125 3,125 12,5 
25 6,25 6,25 25 
50 12,5 12,5 50 
50 25 25 100 
0,390625 0,1953125 0,390625 0,390625 
0,78125 0,1953125 0,78125 0,78125 
-3,75 0,390625 1,5625 1,5625 
12,5 0,78125 3,125 3,125 
25 -3,75 6,25 6,25 
50 12,5 12,5 12,5 
100 25 25 25 
0 0 0 0 
0,78125 0,390625 0,1953125 0,1953125 
1,5625 0,390625 0,390625 0,390625 
3,125 0,78125 0,78125 0,78125 
6,25 1,5625 -3,75 1,5625 
12,5 3,125 12,5 3,125 
25 6,25 25 6,25 
50 12,5 50 2,5 
50 25 100 25 
0,390625 0,1953125 0,390625 0,09765625 
0,78125 0,1953125 0,78125 0,1953125 
1,5625 0,390625 1,5625 0,390625 
3,125 0,78125 3,125 0,78125 
6,25 1,5625 6,25 1,5625 
2,5 3,125 12,5 3,125 
25 6,25 25 -3,75 
25 2,5 50 12,5 
0,1953125 0,09765625 0,1953125 0,04882813 
0,390625 0,09765625 0,390625 -9,902344 
0,78125 0,1953125 0,78125 0,1953125 
1,5625 0,390625 1,5625 0,390625 
3,125 0,78125 3,125 0,78125 
-3,75 1,5625 6,25 1,5625 
12,5 3,125 2,5 3,125 
12,5 -3,75 25 6,25 
-9,902344 0,04882813 0,09765625 0,02441406 
0,1953125 0,04882813 0,1953125 0,04882813 
0,390625 -9,902344 0,390625 0,09765625 
0,78125 0,1953125 0,78125 0,1953125 
1,5625 0,390625 1,5625 -9,609375 
3,125 0,78125 3,125 0,78125 
6,25 1,5625 -3,75 1,5625 
6,25 3,125 12,5 3,125 
0,04882813 0,02441406 0,04882813 0,01220703 
0,09765625 0,02441406 -9,902344 0,02441406 
0,1953125 0,04882813 0,1953125 0,04882813 
-9,609375 0,09765625 0,390625 -9,902344 
0,78125 0,1953125 0,78125 0,04882813 
1,5625 -9,609375 1,5625 -9,609375 
3,125 0,78125 3,125 0,78125 
3,125 1,5625 6,25 1,5625 
0,02441406 0,01220703 0,02441406 0,006103516 
0,04882813 0,01220703 0,04882813 0,01220703 
-9,902344 0,02441406 0,09765625 0,02441406 
0,04882813 0,04882813 0,1953125 0,04882813 
-9,609375 -9,902344 -9,609375 0,09765625 
0,78125 0,04882813 0,78125 0,1953125 
1,5625 -9,609375 1,5625 0,390625 
1,5625 0,78125 3,125 0,78125 
0,01220703 0,006103516 0,01220703 0,003051758 
0,02441406 0,006103516 0,02441406 0,006103516 
0,04882813 0,01220703 0,04882813 0,01220703 
0,09765625 0,02441406 -9,902344 -9,975586 
0,1953125 0,04882813 0,04882813 0,04882813 
0,390625 0,09765625 -9,609375 0,09765625 
0,78125 0,1953125 0,78125 0,1953125 
0,78125 0,390625 1,5625 0,390625 
0,006103516 0,003051758 0,006103516 0,001525879 
0,01220703 0,003051758 0,01220703 0,003051758 
-9,975586 0,006103516 0,02441406 0,006103516 
0,04882813 0,01220703 0,04882813 -9,987793 
0,09765625 -9,975586 0,09765625 0,02441406 
0,1953125 0,04882813 0,1953125 0,04882813 
0,390625 0,09765625 0,390625 0,09765625 
0,390625 0,1953125 0,78125 -9,804688 
0,003051758 0,001525879 0,003051758 0,0007629395 
0,006103516 0,001525879 0,006103516 0,001525879 
-9,987793 0,003051758 0,01220703 0,003051758 
0,02441406 0,006103516 -9,975586 0,006103516 
0,04882813 -9,987793 0,04882813 0,01220703 
0,09765625 0,02441406 0,09765625 0,02441406 
-9,804688 0,04882813 0,1953125 0,04882813 
-9,804688 0,09765625 0,390625 0,02441406 
0,001525879 0,0007629395 0,001525879 0,0003814697 
0,003051758 0,0007629395 0,003051758 0,0007629395 
0,006103516 0,001525879 0,006103516 0,001525879 
0,01220703 0,003051758 -9,987793 0,003051758 
0,02441406 0,006103516 0,02441406 0,006103516 
0,04882813 0,01220703 0,04882813 0,01220703 
0,02441406 0,02441406 0,09765625 0,02441406 
0,02441406 0,04882813 -9,804688 -9,987793 
0,0007629395 0,0003814697 0,0007629395 0,0003814697 
0,001525879 0,0003814697 0,001525879 0,0007629395 
0,003051758 0,0007629395 0,003051758 0,001525879 
0,006103516 0,001525879 0,006103516 0,003051758 
0,01220703 0,003051758 0,01220703 0,006103516 
0,02441406 0,006103516 0,02441406 0,01220703 
-9,987793 0,01220703 0,04882813 0,02441406 
-9,987793 0,02441406 0,02441406 -9,987793 
