-9,999619 0,0001907349 0,0001907349 0,0003814697 
0,0007629395 0,0001907349 -9,999619 0,0007629395 
-9,998474 -9,999619 0,0007629395 0,001525879 
-9,996948 0,0007629395 -9,998474 0,003051758 
0,006103516 -9,998474 -9,996948 0,006103516 
0,01220703 -9,996948 0,006103516 0,01220703 
0,006103516 0,006103516 0,01220703 0,02441406 
0,006103516 0,01220703 0,006103516 0,01220703 
0,0007629395 0,0003814697 0,0001907349 0,0007629395 
0,001525879 0,0003814697 -9,999619 0,001525879 
0,003051758 0,0007629395 0,0007629395 0,003051758 
0,006103516 0,001525879 -9,998474 0,006103516 
0,01220703 0,003051758 -9,996948 0,01220703 
0,02441406 0,006103516 0,006103516 0,02441406 
0,01220703 0,01220703 0,01220703 0,04882813 
0,01220703 0,02441406 0,006103516 0,02441406 
0,001525879 0,0007629395 0,0003814697 0,001525879 
0,003051758 0,0007629395 0,0007629395 0,003051758 
0,006103516 0,001525879 0,001525879 0,006103516 
0,01220703 0,003051758 0,003051758 0,01220703 
0,02441406 0,006103516 0,006103516 0,02441406 
0,04882813 0,01220703 0,01220703 0,04882813 
0,02441406 0,02441406 0,02441406 0,09765625 
0,02441406 0,04882813 0,01220703 0,04882813 
0,003051758 0,001525879 0,0007629395 0,003051758 
0,006103516 0,001525879 0,001525879 0,006103516 
0,01220703 0,003051758 0,003051758 0,01220703 
0,02441406 0,006103516 0,006103516 0,02441406 
0,04882813 0,01220703 0,01220703 0,04882813 
0,09765625 0,02441406 0,02441406 0,09765625 
0,04882813 0,04882813 0,04882813 0,1953125 
0,04882813 0,09765625 0,02441406 0,09765625 
0,006103516 0,003051758 0,001525879 0,006103516 
0,01220703 0,003051758 0,003051758 0,01220703 
0,02441406 0,006103516 0,006103516 0,02441406 
0,04882813 0,01220703 0,01220703 0,04882813 
0,09765625 0,02441406 0,02441406 0,09765625 
0,1953125 0,04882813 0,04882813 0,1953125 
0,09765625 0,09765625 0,09765625 0,390625 
0,09765625 0,1953125 0,04882813 0,1953125 
0,01220703 0,006103516 0,003051758 0,01220703 
0,02441406 0,006103516 0,006103516 0,02441406 
0,04882813 0,01220703 0,01220703 0,04882813 
0,09765625 0,02441406 0,02441406 0,09765625 
0,1953125 0,04882813 0,04882813 0,1953125 
0,390625 0,09765625 0,09765625 0,390625 
0,1953125 0,1953125 0,1953125 0,78125 
0,1953125 0,390625 0,09765625 0,390625 
0,02441406 0,01220703 0,006103516 0,02441406 
0,04882813 0,01220703 0,01220703 0,04882813 
0,09765625 0,02441406 0,02441406 0,09765625 
0,1953125 0,04882813 0,04882813 0,1953125 
0,390625 0,09765625 0,09765625 0,390625 
0,78125 0,1953125 0,1953125 0,78125 
0,390625 0,390625 0,390625 1,5625 
0,390625 0,78125 0,1953125 0,78125 
0,04882813 0,02441406 0,01220703 0,04882813 
0,09765625 0,02441406 0,02441406 0,09765625 
0,1953125 0,04882813 0,04882813 0,1953125 
0,390625 0,09765625 0,09765625 0,390625 
0,78125 0,1953125 0,1953125 -9,21875 
1,5625 0,390625 0,390625 1,5625 
0,78125 0,78125 0,78125 3,125 
0,78125 1,5625 0,390625 1,5625 
0,09765625 0,04882813 0,02441406 0,09765625 
0,1953125 0,04882813 0,04882813 0,1953125 
0,390625 0,09765625 0,09765625 -9,609375 
-9,21875 0,1953125 0,1953125 0,78125 
1,5625 0,390625 0,390625 1,5625 
3,125 -9,21875 0,78125 3,125 
1,5625 1,5625 1,5625 6,25 
1,5625 3,125 0,78125 2,5 
0,1953125 0,09765625 0,04882813 0,1953125 
-9,609375 0,09765625 0,09765625 0,390625 
0,78125 0,1953125 0,1953125 0,78125 
1,5625 -9,609375 0,390625 1,5625 
3,125 0,78125 -9,21875 3,125 
6,25 1,5625 1,5625 6,25 
2,5 3,125 3,125 12,5 
2,5 6,25 1,5625 25 
0,390625 0,1953125 0,09765625 0,390625 
0,78125 0,1953125 0,1953125 0,78125 
1,5625 0,390625 -9,609375 1,5625 
3,125 0,78125 0,78125 3,125 
6,25 1,5625 1,5625 6,25 
12,5 3,125 3,125 12,5 
25 6,25 6,25 25 
25 12,5 2,5 50 
0,78125 0,390625 0,1953125 0,1953125 
1,5625 0,390625 0,390625 0,390625 
3,125 0,78125 0,78125 0,78125 
6,25 1,5625 1,5625 -8,4375 
12,5 3,125 3,125 2,5 
25 6,25 6,25 25 
50 12,5 12,5 50 
50 25 25 100 
0,390625 0,1953125 0,390625 0,09765625 
0,78125 0,1953125 0,78125 0,1953125 
-8,4375 0,390625 1,5625 -9,609375 
2,5 0,78125 3,125 -6,875 
25 -8,4375 6,25 6,25 
50 2,5 12,5 12,5 
100 25 25 25 
0 0 0 0 
0,1953125 0,09765625 0,1953125 0,09765625 
-9,609375 0,09765625 0,390625 0,1953125 
-6,875 0,1953125 0,78125 -9,609375 
6,25 -9,609375 -8,4375 -6,875 
12,5 -6,875 2,5 6,25 
25 6,25 25 12,5 
50 12,5 50 25 
50 25 100 50 
