1,5625 0,78125 0,78125 -8,4375 
3,125 0,78125 1,5625 3,125 
1,5625 1,5625 3,125 6,25 
0,78125 3,125 1,5625 3,125 
0,390625 1,5625 0,78125 1,5625 
0,1953125 0,78125 0,390625 0,78125 
0,09765625 0,390625 0,1953125 0,390625 
0,09765625 0,1953125 0,09765625 0,1953125 
3,125 -8,4375 0,78125 3,125 
6,25 -8,4375 1,5625 -3,75 
3,125 3,125 3,125 12,5 
1,5625 6,25 1,5625 6,25 
0,78125 3,125 0,78125 -6,875 
0,390625 1,5625 0,390625 1,5625 
0,1953125 0,78125 0,1953125 0,78125 
0,1953125 0,390625 0,09765625 0,390625 
-3,75 3,125 -8,4375 6,25 
12,5 3,125 3,125 2,5 
6,25 -3,75 6,25 25 
-6,875 12,5 3,125 12,5 
1,5625 6,25 1,5625 -3,75 
0,78125 -6,875 0,78125 3,125 
0,390625 1,5625 0,390625 1,5625 
0,390625 0,78125 0,1953125 0,78125 
2,5 6,25 3,125 12,5 
25 6,25 -3,75 25 
12,5 2,5 12,5 50 
-3,75 25 6,25 25 
3,125 12,5 -6,875 12,5 
1,5625 -3,75 1,5625 6,25 
0,78125 3,125 0,78125 3,125 
0,78125 1,5625 0,390625 1,5625 
25 12,5 6,25 25 
50 12,5 2,5 50 
25 25 25 100 
12,5 50 12,5 50 
6,25 25 -3,75 25 
3,125 12,5 3,125 12,5 
1,5625 6,25 1,5625 6,25 
1,5625 3,125 0,78125 3,125 
50 25 12,5 12,5 
100 25 25 25 
0 0 0 0 
25 100 25 25 
12,5 50 12,5 12,5 
6,25 25 6,25 6,25 
3,125 12,5 3,125 -6,875 
3,125 6,25 1,5625 1,5625 
25 12,5 25 6,25 
50 12,5 50 12,5 
25 25 100 15 
12,5 50 50 12,5 
6,25 25 25 6,25 
-6,875 12,5 12,5 3,125 
1,5625 6,25 6,25 1,5625 
1,5625 -6,875 3,125 0,78125 
12,5 6,25 12,5 3,125 
15 6,25 25 6,25 
12,5 12,5 50 7,5 
6,25 15 25 6,25 
3,125 12,5 12,5 3,125 
1,5625 6,25 6,25 1,5625 
0,78125 3,125 -6,875 -9,21875 
0,78125 1,5625 1,5625 0,390625 
6,25 3,125 6,25 1,5625 
7,5 3,125 12,5 3,125 
6,25 6,25 15 3,75 
3,125 7,5 12,5 3,125 
1,5625 6,25 6,25 1,5625 
-9,21875 3,125 3,125 0,78125 
0,390625 1,5625 1,5625 0,390625 
0,390625 -9,21875 0,78125 0,1953125 
3,125 1,5625 3,125 0,78125 
3,75 1,5625 6,25 1,5625 
3,125 3,125 7,5 1,875 
1,5625 3,75 6,25 1,5625 
0,78125 3,125 3,125 0,78125 
0,390625 1,5625 1,5625 0,390625 
0,1953125 0,78125 -9,21875 -9,804688 
0,1953125 0,390625 0,390625 0,09765625 
1,5625 0,78125 1,5625 -9,609375 
1,875 0,78125 3,125 0,78125 
1,5625 1,5625 3,75 0,9375 
0,78125 1,875 3,125 0,78125 
0,390625 1,5625 1,5625 0,390625 
-9,804688 0,78125 0,78125 0,1953125 
0,09765625 0,390625 0,390625 0,09765625 
0,09765625 -9,804688 0,1953125 0,04882813 
0,78125 -9,609375 0,78125 0,1953125 
0,9375 -9,609375 1,5625 0,390625 
0,78125 0,78125 1,875 0,46875 
0,390625 0,9375 1,5625 0,390625 
0,1953125 0,78125 0,78125 0,1953125 
0,09765625 0,390625 0,390625 0,09765625 
0,04882813 0,1953125 -9,804688 0,04882813 
0,04882813 0,09765625 0,09765625 0,02441406 
0,390625 0,1953125 -9,609375 0,09765625 
0,46875 0,1953125 0,78125 0,1953125 
0,390625 0,390625 0,9375 0,234375 
0,1953125 0,46875 0,78125 -9,804688 
0,09765625 0,390625 0,390625 0,09765625 
0,04882813 0,1953125 0,1953125 0,04882813 
0,02441406 0,09765625 0,09765625 0,02441406 
0,02441406 0,04882813 0,04882813 0,01220703 
0,1953125 0,09765625 0,1953125 0,09765625 
0,234375 0,09765625 0,390625 0,1953125 
-9,804688 0,1953125 0,46875 0,234375 
0,09765625 0,234375 0,390625 -9,804688 
0,04882813 -9,804688 0,1953125 0,09765625 
0,02441406 0,09765625 0,09765625 0,04882813 
0,01220703 0,04882813 0,04882813 0,02441406 
0,01220703 0,02441406 0,02441406 0,01220703 
