0,390625 0,1953125 0,1953125 0,390625 
0,1953125 0,1953125 0,390625 0,78125 
0,09765625 0,390625 0,1953125 0,390625 
0,04882813 0,1953125 0,09765625 0,1953125 
0,02441406 0,09765625 0,04882813 0,09765625 
0,01220703 0,04882813 0,02441406 0,04882813 
0,006103516 0,02441406 0,01220703 -9,975586 
0,006103516 0,01220703 0,006103516 0,01220703 
0,78125 0,390625 0,1953125 0,78125 
0,390625 0,390625 0,390625 1,5625 
0,1953125 0,78125 0,1953125 0,78125 
0,09765625 0,390625 0,09765625 0,390625 
0,04882813 0,1953125 0,04882813 0,1953125 
-9,975586 0,09765625 0,02441406 0,09765625 
0,01220703 0,04882813 0,01220703 0,04882813 
0,01220703 -9,975586 0,006103516 0,02441406 
1,5625 0,78125 0,390625 1,5625 
0,78125 0,78125 0,78125 3,125 
0,390625 1,5625 0,390625 1,5625 
0,1953125 0,78125 0,1953125 0,78125 
0,09765625 0,390625 0,09765625 0,390625 
0,04882813 0,1953125 0,04882813 0,1953125 
0,02441406 0,09765625 -9,975586 -9,902344 
0,02441406 0,04882813 0,01220703 0,01220703 
3,125 1,5625 0,78125 3,125 
1,5625 1,5625 1,5625 6,25 
0,78125 3,125 0,78125 3,125 
0,390625 1,5625 0,390625 1,5625 
0,1953125 0,78125 0,1953125 0,78125 
-9,902344 0,390625 0,09765625 0,390625 
0,01220703 0,1953125 0,04882813 0,1953125 
0,01220703 -9,902344 0,02441406 -9,902344 
6,25 3,125 1,5625 6,25 
3,125 3,125 3,125 12,5 
1,5625 6,25 1,5625 6,25 
0,78125 3,125 0,78125 -6,875 
0,390625 1,5625 0,390625 1,5625 
0,1953125 0,78125 0,1953125 0,78125 
-9,902344 0,390625 -9,902344 0,390625 
-9,902344 0,1953125 0,01220703 -9,804688 
12,5 6,25 3,125 12,5 
6,25 6,25 6,25 25 
-6,875 12,5 3,125 12,5 
1,5625 6,25 1,5625 6,25 
0,78125 -6,875 0,78125 3,125 
0,390625 1,5625 0,390625 1,5625 
-9,804688 0,78125 0,1953125 0,78125 
-9,804688 0,390625 -9,902344 0,390625 
25 12,5 6,25 25 
12,5 12,5 12,5 50 
6,25 25 6,25 25 
3,125 12,5 -6,875 12,5 
1,5625 6,25 1,5625 6,25 
0,78125 3,125 0,78125 3,125 
0,390625 1,5625 0,390625 -8,4375 
0,390625 0,78125 -9,804688 -9,21875 
50 25 12,5 50 
25 25 25 100 
12,5 50 12,5 50 
6,25 25 6,25 25 
3,125 12,5 3,125 12,5 
-8,4375 6,25 1,5625 6,25 
-9,21875 3,125 0,78125 3,125 
-9,21875 -8,4375 0,390625 1,5625 
100 50 25 25 
0 0 0 0 
25 100 25 25 
12,5 50 12,5 12,5 
6,25 25 6,25 6,25 
3,125 12,5 3,125 3,125 
1,5625 6,25 -8,4375 1,5625 
1,5625 3,125 -9,21875 0,78125 
50 25 50 12,5 
25 25 100 25 
12,5 50 50 12,5 
6,25 25 25 6,25 
3,125 12,5 12,5 -6,875 
1,5625 6,25 6,25 1,5625 
0,78125 3,125 3,125 0,78125 
0,78125 1,5625 1,5625 0,390625 
25 12,5 25 6,25 
12,5 12,5 50 12,5 
6,25 25 25 6,25 
-6,875 12,5 12,5 3,125 
1,5625 6,25 6,25 1,5625 
0,78125 -6,875 3,125 0,78125 
0,390625 1,5625 1,5625 0,390625 
0,390625 0,78125 0,78125 0,1953125 
12,5 6,25 12,5 3,125 
6,25 6,25 25 6,25 
3,125 12,5 12,5 3,125 
1,5625 6,25 6,25 1,5625 
0,78125 3,125 -6,875 0,78125 
0,390625 1,5625 1,5625 0,390625 
0,1953125 0,78125 0,78125 0,1953125 
0,1953125 0,390625 0,390625 0,09765625 
6,25 3,125 6,25 1,5625 
3,125 3,125 12,5 -6,875 
1,5625 6,25 6,25 1,5625 
0,78125 3,125 3,125 0,78125 
0,390625 1,5625 1,5625 0,390625 
0,1953125 0,78125 0,78125 -9,804688 
0,09765625 0,390625 0,390625 0,09765625 
0,09765625 0,1953125 0,1953125 0,04882813 
-6,875 1,5625 3,125 1,5625 
1,5625 1,5625 6,25 -6,875 
0,78125 -6,875 3,125 1,5625 
0,390625 1,5625 1,5625 0,78125 
-9,804688 0,78125 0,78125 0,390625 
0,09765625 0,390625 0,390625 -9,804688 
0,04882813 -9,804688 0,1953125 0,09765625 
0,04882813 0,09765625 0,09765625 0,04882813 
