0,78125 -9,609375 -9,609375 0,78125 
1,25 -9,609375 0,78125 1,5625 
2,5 0,7812499 1,25 2,5 
-8,75 1,25 2,5 5 
0,78125 2,5 -8,75 2,5 
0,390625 -8,75 0,78125 1,5625 
0,1953125 0,78125 0,390625 -9,21875 
0,1953125 0,390625 0,1953125 0,390625 
1,5625 0,78125 -9,609375 1,5625 
2,5 0,78125 0,78125 3,125 
5 1,5625 1,25 5 
2,5 2,5 2,5 10 
1,5625 5 -8,75 5 
-9,21875 2,5 0,78125 3,125 
0,390625 1,5625 0,390625 1,5625 
0,390625 -9,21875 0,1953125 0,78125 
3,125 1,5625 0,78125 3,125 
5 1,5625 1,5625 6,25 
10 3,125 2,5 10 
5 5 5 20 
3,125 10 2,5 2,5 
1,5625 5 1,5625 6,25 
0,78125 3,125 -9,21875 3,125 
0,78125 1,5625 0,390625 1,5625 
6,25 3,125 1,5625 6,25 
10 3,125 3,125 12,5 
20 6,25 5 15 
2,5 10 10 40 
6,25 20 5 25 
3,125 2,5 3,125 12,5 
1,5625 6,25 1,5625 6,25 
1,5625 3,125 0,78125 3,125 
12,5 6,25 3,125 12,5 
15 6,25 6,25 25 
40 12,5 10 50 
25 15 20 100 
12,5 40 2,5 50 
6,25 25 6,25 25 
3,125 12,5 3,125 12,5 
3,125 6,25 1,5625 6,25 
25 12,5 6,25 6,25 
50 12,5 12,5 12,5 
100 25 15 25 
0 0 0 0 
25 100 25 25 
12,5 50 12,5 12,5 
6,25 25 6,25 -3,75 
6,25 12,5 3,125 3,125 
12,5 6,25 12,5 3,125 
25 6,25 25 6,25 
50 12,5 50 12,5 
25 25 100 25 
12,5 50 50 12,5 
-3,75 25 25 6,25 
3,125 12,5 12,5 -6,875 
3,125 -3,75 6,25 1,5625 
6,25 3,125 6,25 1,5625 
12,5 3,125 12,5 3,125 
25 6,25 25 6,25 
12,5 12,5 50 12,5 
6,25 25 25 6,25 
-6,875 12,5 12,5 3,125 
1,5625 6,25 -3,75 1,5625 
1,5625 -6,875 3,125 0,78125 
3,125 1,5625 3,125 0,78125 
6,25 1,5625 6,25 1,5625 
12,5 3,125 12,5 3,125 
6,25 6,25 25 6,25 
3,125 12,5 12,5 3,125 
1,5625 6,25 6,25 -8,4375 
0,78125 3,125 -6,875 0,78125 
0,78125 1,5625 1,5625 0,390625 
1,5625 0,78125 1,5625 0,390625 
3,125 0,78125 3,125 0,78125 
6,25 1,5625 6,25 1,5625 
3,125 3,125 12,5 3,125 
-8,4375 6,25 6,25 1,5625 
0,78125 3,125 3,125 0,78125 
0,390625 -8,4375 1,5625 0,390625 
0,390625 0,78125 0,78125 0,1953125 
0,78125 0,390625 0,78125 0,1953125 
1,5625 0,390625 1,5625 -9,609375 
3,125 0,78125 3,125 0,78125 
1,5625 1,5625 6,25 1,5625 
0,78125 3,125 3,125 0,78125 
0,390625 1,5625 -8,4375 0,390625 
0,1953125 0,78125 0,78125 0,1953125 
0,1953125 0,390625 0,390625 0,09765625 
-9,609375 0,1953125 0,390625 0,09765625 
0,78125 0,1953125 0,78125 0,1953125 
1,5625 -9,609375 1,5625 0,390625 
0,78125 0,78125 3,125 0,78125 
0,390625 1,5625 1,5625 0,390625 
0,1953125 0,78125 0,78125 0,1953125 
0,09765625 0,390625 0,390625 0,09765625 
0,09765625 0,1953125 0,1953125 0,04882813 
0,1953125 0,09765625 0,1953125 -9,951172 
0,390625 0,09765625 -9,609375 0,09765625 
0,78125 0,1953125 0,78125 0,1953125 
0,390625 0,390625 1,5625 0,390625 
0,1953125 0,78125 0,78125 0,1953125 
0,09765625 0,390625 0,390625 0,09765625 
0,04882813 0,1953125 0,1953125 0,04882813 
0,04882813 0,09765625 0,09765625 0,02441406 
0,09765625 -9,951172 0,09765625 -9,951172 
0,1953125 -9,951172 0,1953125 0,09765625 
0,390625 0,09765625 0,390625 0,1953125 
0,1953125 0,1953125 0,78125 0,390625 
0,09765625 0,390625 0,390625 0,1953125 
0,04882813 0,1953125 0,1953125 0,09765625 
0,02441406 0,09765625 0,09765625 0,04882813 
0,02441406 0,04882813 0,04882813 0,02441406 
