-9,21875 1,5625 1,5625 3,125 
-8,4375 1,5625 -9,21875 -6,25 
0,1953125 -9,21875 -8,4375 3,125 
0,390625 -8,4375 0,1953125 -8,4375 
0,1953125 0,1953125 0,390625 0,78125 
0,09765625 0,390625 0,1953125 0,390625 
0,04882813 0,1953125 0,09765625 0,1953125 
0,04882813 0,09765625 0,04882813 0,09765625 
-6,25 3,125 1,5625 6,25 
3,125 3,125 -9,21875 7,5 
-8,4375 -6,25 -8,4375 6,25 
0,78125 3,125 0,1953125 3,125 
0,390625 -8,4375 0,390625 1,5625 
0,1953125 0,78125 0,1953125 -9,21875 
0,09765625 0,390625 0,09765625 0,390625 
0,09765625 0,1953125 0,04882813 0,1953125 
7,5 6,25 3,125 12,5 
6,25 6,25 -6,25 15 
3,125 7,5 3,125 12,5 
1,5625 6,25 -8,4375 6,25 
-9,21875 3,125 0,78125 3,125 
0,390625 1,5625 0,390625 1,5625 
0,1953125 -9,21875 0,1953125 0,78125 
0,1953125 0,390625 0,09765625 0,390625 
15 12,5 6,25 25 
12,5 12,5 7,5 50 
6,25 15 6,25 25 
3,125 12,5 3,125 12,5 
1,5625 6,25 1,5625 6,25 
0,78125 3,125 -9,21875 3,125 
0,390625 1,5625 0,390625 1,5625 
0,390625 0,78125 0,1953125 0,78125 
50 25 12,5 50 
25 25 15 100 
12,5 50 12,5 50 
6,25 25 6,25 25 
3,125 12,5 3,125 12,5 
1,5625 6,25 1,5625 -3,75 
0,78125 3,125 0,78125 0,78125 
0,78125 1,5625 0,390625 0,390625 
100 50 25 25 
0 0 0 0 
25 100 25 25 
12,5 50 12,5 12,5 
-3,75 25 6,25 6,25 
0,78125 12,5 3,125 3,125 
0,390625 -3,75 1,5625 1,5625 
0,390625 0,78125 0,78125 0,78125 
40 25 50 12,5 
25 25 100 20 
12,5 40 50 12,5 
6,25 25 25 6,25 
3,125 12,5 12,5 3,125 
1,5625 6,25 -3,75 1,5625 
0,78125 3,125 0,78125 0,78125 
0,78125 1,5625 0,390625 0,390625 
20 12,5 25 6,25 
12,5 12,5 40 10 
6,25 20 25 6,25 
3,125 12,5 12,5 3,125 
1,5625 6,25 6,25 1,5625 
0,78125 3,125 3,125 0,78125 
0,390625 1,5625 1,5625 0,390625 
0,390625 0,78125 0,78125 -9,804688 
10 6,25 12,5 3,125 
6,25 6,25 20 5 
3,125 10 12,5 3,125 
1,5625 6,25 6,25 1,5625 
0,78125 3,125 3,125 0,78125 
0,390625 1,5625 1,5625 0,390625 
-9,804688 0,78125 0,78125 0,1953125 
-9,804688 0,390625 0,390625 -9,902344 
5 3,125 6,25 1,5625 
3,125 3,125 10 2,5 
1,5625 5 6,25 1,5625 
0,78125 3,125 3,125 -9,21875 
0,390625 1,5625 1,5625 0,390625 
0,1953125 0,78125 0,78125 0,1953125 
-9,902344 0,390625 0,390625 0,09765625 
-9,902344 0,1953125 -9,804688 0,04882813 
2,5 1,5625 3,125 0,78125 
1,5625 1,5625 5 1,25 
-9,21875 2,5 3,125 0,78125 
0,390625 1,5625 1,5625 0,390625 
0,1953125 -9,21875 0,78125 0,1953125 
0,09765625 0,390625 0,390625 0,09765625 
0,04882813 0,1953125 0,1953125 0,04882813 
0,04882813 0,09765625 -9,902344 0,02441406 
1,25 0,78125 1,5625 0,390625 
0,78125 0,78125 2,5 0,625 
0,390625 1,25 1,5625 0,390625 
0,1953125 0,78125 -9,21875 0,1953125 
0,09765625 0,390625 0,390625 0,09765625 
0,04882813 0,1953125 0,1953125 0,04882813 
0,02441406 0,09765625 0,09765625 0,02441406 
0,02441406 0,04882813 0,04882813 0,01220703 
0,625 0,390625 0,78125 0,1953125 
0,390625 0,390625 1,25 0,3125 
0,1953125 0,625 0,78125 0,1953125 
0,09765625 0,390625 0,390625 0,09765625 
0,04882813 0,1953125 0,1953125 0,04882813 
0,02441406 0,09765625 0,09765625 0,02441406 
0,01220703 0,04882813 0,04882813 0,01220703 
0,01220703 0,02441406 0,02441406 0,006103516 
0,3125 0,1953125 0,390625 0,1953125 
0,1953125 0,1953125 0,625 0,3125 
0,09765625 0,3125 0,390625 0,1953125 
0,04882813 0,1953125 0,1953125 0,09765625 
0,02441406 0,09765625 0,09765625 0,04882813 
0,01220703 0,04882813 0,04882813 0,02441406 
0,006103516 0,02441406 0,02441406 0,01220703 
0,006103516 0,01220703 0,01220703 0,006103516 
