0,04882813 0,02441406 0,02441406 0,04882813 
0,09765625 0,02441406 0,04882813 0,09765625 
0,04882813 0,04882813 0,09765625 0,1953125 
0,02441406 0,09765625 0,04882813 0,09765625 
0,01220703 0,04882813 0,02441406 0,04882813 
0,006103516 0,02441406 0,01220703 0,02441406 
-9,996948 0,01220703 0,006103516 0,01220703 
-9,996948 0,006103516 -9,996948 0,006103516 
0,09765625 0,04882813 0,02441406 0,09765625 
0,1953125 0,04882813 0,04882813 0,1953125 
0,09765625 0,09765625 0,09765625 0,390625 
0,04882813 0,1953125 0,04882813 0,1953125 
0,02441406 0,09765625 0,02441406 0,09765625 
0,01220703 0,04882813 0,01220703 0,04882813 
0,006103516 0,02441406 0,006103516 0,02441406 
0,006103516 0,01220703 -9,996948 0,01220703 
0,1953125 0,09765625 0,04882813 0,1953125 
0,390625 0,09765625 0,09765625 0,390625 
0,1953125 0,1953125 0,1953125 0,78125 
0,09765625 0,390625 0,09765625 0,390625 
0,04882813 0,1953125 0,04882813 0,1953125 
0,02441406 0,09765625 0,02441406 0,09765625 
0,01220703 0,04882813 0,01220703 0,04882813 
0,01220703 0,02441406 0,006103516 0,02441406 
0,390625 0,1953125 0,09765625 -8,4375 
0,78125 0,1953125 0,1953125 -6,875 
0,390625 0,390625 0,390625 1,5625 
0,1953125 0,78125 0,1953125 0,78125 
0,09765625 0,390625 0,09765625 0,390625 
0,04882813 0,1953125 0,04882813 0,1953125 
0,02441406 0,09765625 0,02441406 -9,902344 
0,02441406 0,04882813 0,01220703 0,04882813 
-6,875 -8,4375 0,1953125 3,125 
1,5625 -8,4375 0,390625 6,25 
0,78125 -6,875 0,78125 3,125 
0,390625 1,5625 0,390625 1,5625 
0,1953125 0,78125 0,1953125 0,78125 
-9,902344 0,390625 0,09765625 -9,609375 
0,04882813 0,1953125 0,04882813 -9,951172 
0,04882813 -9,902344 0,02441406 0,09765625 
6,25 3,125 -8,4375 6,25 
3,125 3,125 -6,875 12,5 
1,5625 6,25 1,5625 6,25 
0,78125 3,125 0,78125 3,125 
-9,609375 1,5625 0,390625 1,5625 
-9,951172 0,78125 0,1953125 0,78125 
0,09765625 -9,609375 -9,902344 -9,609375 
0,09765625 -9,951172 0,04882813 0,1953125 
12,5 6,25 3,125 12,5 
6,25 6,25 6,25 25 
3,125 12,5 3,125 12,5 
1,5625 6,25 1,5625 6,25 
0,78125 3,125 0,78125 3,125 
-9,609375 1,5625 -9,609375 1,5625 
0,1953125 0,78125 -9,951172 0,78125 
0,1953125 -9,609375 0,09765625 0,390625 
25 12,5 6,25 25 
12,5 12,5 12,5 50 
6,25 25 6,25 25 
3,125 12,5 3,125 12,5 
1,5625 6,25 1,5625 6,25 
0,78125 3,125 0,78125 3,125 
0,390625 1,5625 -9,609375 1,5625 
0,390625 0,78125 0,1953125 0,78125 
50 25 12,5 50 
25 25 25 100 
12,5 50 12,5 50 
6,25 25 6,25 25 
3,125 12,5 3,125 12,5 
1,5625 6,25 1,5625 6,25 
0,78125 3,125 0,78125 3,125 
0,78125 1,5625 0,390625 -8,4375 
100 50 25 25 
0 0 0 0 
25 100 25 25 
12,5 50 12,5 12,5 
6,25 25 6,25 6,25 
3,125 12,5 3,125 3,125 
-8,4375 6,25 1,5625 -8,4375 
-8,4375 3,125 0,78125 0,1953125 
40 25 50 12,5 
25 25 100 20 
12,5 40 50 12,5 
6,25 25 25 6,25 
3,125 12,5 12,5 3,125 
-8,4375 6,25 6,25 1,5625 
0,1953125 3,125 3,125 0,78125 
0,1953125 -8,4375 -8,4375 0,390625 
20 12,5 25 6,25 
12,5 12,5 40 10 
6,25 20 25 6,25 
3,125 12,5 12,5 3,125 
1,5625 6,25 6,25 1,5625 
0,78125 3,125 3,125 0,78125 
0,390625 1,5625 -8,4375 0,390625 
0,390625 0,78125 0,1953125 0,1953125 
10 6,25 12,5 3,125 
6,25 6,25 20 5 
3,125 10 12,5 3,125 
1,5625 6,25 6,25 1,5625 
0,78125 3,125 3,125 0,78125 
0,390625 1,5625 1,5625 0,390625 
0,1953125 0,78125 0,78125 0,1953125 
0,1953125 0,390625 0,390625 0,09765625 
5 3,125 6,25 3,125 
3,125 3,125 10 5 
1,5625 5 6,25 3,125 
0,78125 3,125 3,125 1,5625 
0,390625 1,5625 1,5625 0,78125 
0,1953125 0,78125 0,78125 0,390625 
0,09765625 0,390625 0,390625 0,1953125 
0,09765625 0,1953125 0,1953125 0,09765625 
