0,003051758 0,001525879 0,001525879 -9,987793 
0,006103516 0,001525879 0,003051758 0,006103516 
0,003051758 0,003051758 0,006103516 0,01220703 
0,001525879 0,006103516 0,003051758 -9,993896 
0,0007629395 0,003051758 0,001525879 0,003051758 
0,0003814697 0,001525879 0,0007629395 0,001525879 
0,0001907349 0,0007629395 0,0003814697 0,0007629395 
0,0001907349 0,0003814697 0,0001907349 0,0003814697 
0,006103516 -9,987793 0,001525879 0,02441406 
0,01220703 -9,987793 0,003051758 0,01220703 
-9,993896 0,006103516 0,006103516 0,02441406 
0,003051758 0,01220703 0,003051758 0,01220703 
0,001525879 -9,993896 0,001525879 0,006103516 
0,0007629395 0,003051758 0,0007629395 0,003051758 
0,0003814697 0,001525879 0,0003814697 0,001525879 
0,0003814697 0,0007629395 0,0001907349 0,0007629395 
0,01220703 0,02441406 -9,987793 0,04882813 
0,02441406 0,02441406 0,006103516 0,02441406 
0,01220703 0,01220703 0,01220703 0,04882813 
0,006103516 0,02441406 -9,993896 -9,975586 
0,003051758 0,01220703 0,003051758 0,01220703 
0,001525879 0,006103516 0,001525879 0,006103516 
0,0007629395 0,003051758 0,0007629395 0,003051758 
0,0007629395 0,001525879 0,0003814697 0,001525879 
0,02441406 0,04882813 0,02441406 0,09765625 
0,04882813 0,04882813 0,01220703 -9,804688 
-9,975586 0,02441406 0,02441406 0,09765625 
0,01220703 0,04882813 0,01220703 0,04882813 
0,006103516 -9,975586 0,006103516 0,02441406 
0,003051758 0,01220703 0,003051758 0,01220703 
0,001525879 0,006103516 0,001525879 0,006103516 
0,001525879 0,003051758 0,0007629395 0,003051758 
-9,804688 0,09765625 0,04882813 0,1953125 
0,09765625 0,09765625 0,02441406 0,390625 
0,04882813 -9,804688 0,04882813 0,1953125 
0,02441406 0,09765625 -9,975586 0,09765625 
0,01220703 0,04882813 0,01220703 0,04882813 
0,006103516 0,02441406 0,006103516 0,02441406 
0,003051758 0,01220703 0,003051758 0,01220703 
0,003051758 0,006103516 0,001525879 0,006103516 
0,390625 0,1953125 0,09765625 -9,609375 
0,1953125 0,1953125 -9,804688 0,78125 
0,09765625 0,390625 0,09765625 0,390625 
0,04882813 0,1953125 0,04882813 0,1953125 
0,02441406 0,09765625 0,02441406 0,09765625 
0,01220703 0,04882813 0,01220703 0,04882813 
0,006103516 0,02441406 0,006103516 0,02441406 
0,006103516 0,01220703 0,003051758 0,01220703 
0,78125 -9,609375 0,1953125 -9,21875 
0,390625 -9,609375 0,390625 1,5625 
0,1953125 0,78125 0,1953125 -9,21875 
0,09765625 0,390625 0,09765625 0,390625 
0,04882813 0,1953125 0,04882813 -9,804688 
0,02441406 0,09765625 0,02441406 0,09765625 
0,01220703 0,04882813 0,01220703 0,04882813 
0,01220703 0,02441406 0,006103516 0,02441406 
1,5625 -9,21875 -9,609375 1,5625 
-9,21875 -9,21875 0,78125 3,125 
0,390625 1,5625 0,390625 1,5625 
-9,804688 -9,21875 0,1953125 0,78125 
0,09765625 0,390625 0,09765625 0,390625 
0,04882813 -9,804688 0,04882813 0,1953125 
0,02441406 0,09765625 0,02441406 0,09765625 
0,02441406 0,04882813 0,01220703 0,04882813 
3,125 1,5625 -9,21875 3,125 
1,5625 1,5625 1,5625 6,25 
0,78125 3,125 -9,21875 3,125 
0,390625 1,5625 0,390625 1,5625 
0,1953125 0,78125 -9,804688 0,78125 
0,09765625 0,390625 0,09765625 0,390625 
0,04882813 0,1953125 0,04882813 0,1953125 
0,04882813 0,09765625 0,02441406 0,09765625 
6,25 3,125 1,5625 -3,75 
3,125 3,125 3,125 12,5 
1,5625 6,25 1,5625 6,25 
0,78125 3,125 0,78125 3,125 
0,390625 1,5625 0,390625 1,5625 
0,1953125 0,78125 0,1953125 0,78125 
0,09765625 0,390625 0,09765625 0,390625 
0,09765625 0,1953125 0,04882813 0,1953125 
12,5 -3,75 3,125 12,5 
6,25 -3,75 6,25 25 
3,125 12,5 3,125 12,5 
1,5625 6,25 1,5625 6,25 
0,78125 3,125 0,78125 3,125 
0,390625 1,5625 0,390625 1,5625 
0,1953125 0,78125 0,1953125 0,78125 
0,1953125 0,390625 0,09765625 0,390625 
25 12,5 -3,75 25 
12,5 12,5 12,5 50 
6,25 25 6,25 25 
3,125 12,5 3,125 12,5 
1,5625 6,25 1,5625 6,25 
0,78125 3,125 0,78125 3,125 
0,390625 1,5625 0,390625 1,5625 
0,390625 0,78125 0,1953125 0,78125 
50 25 12,5 40 
25 25 25 100 
12,5 50 12,5 50 
6,25 25 6,25 25 
3,125 12,5 3,125 12,5 
1,5625 6,25 1,5625 6,25 
0,78125 3,125 0,78125 -6,875 
0,78125 1,5625 0,390625 0,390625 
100 40 25 40 
0 0 0 0 
25 100 25 50 
12,5 50 12,5 25 
6,25 25 6,25 12,5 
-6,875 12,5 3,125 6,25 
0,390625 6,25 1,5625 -6,875 
0,390625 -6,875 0,78125 0,390625 
