0,001525879 0,0007629395 0,0007629395 -9,998474 
0,003051758 0,0007629395 0,001525879 0,003051758 
0,006103516 0,001525879 0,003051758 0,006103516 
0,01220703 0,003051758 0,006103516 0,01220703 
0,006103516 0,006103516 0,01220703 0,02441406 
0,007324219 0,01220703 0,006103516 0,01220703 
0,006103516 0,006103516 0,007324219 0,01464844 
0,006103516 0,007324219 0,006103516 0,01220703 
0,003051758 -9,998474 0,0007629395 0,003051758 
0,006103516 -9,998474 0,001525879 0,006103516 
0,01220703 0,003051758 0,003051758 0,01220703 
0,02441406 0,006103516 0,006103516 0,02441406 
0,01220703 0,01220703 0,01220703 0,04882813 
0,01464844 0,02441406 0,006103516 -9,941406 
0,01220703 0,01220703 0,007324219 0,02929688 
0,01220703 0,01464844 0,006103516 0,02441406 
0,006103516 0,003051758 -9,998474 0,006103516 
0,01220703 0,003051758 0,003051758 0,01220703 
0,02441406 0,006103516 0,006103516 0,02441406 
0,04882813 0,01220703 0,01220703 -9,951172 
-9,941406 0,02441406 0,02441406 0,09765625 
0,02929688 0,04882813 0,01220703 0,1171875 
0,02441406 -9,941406 0,01464844 0,05859375 
0,02441406 0,02929688 0,01220703 0,04882813 
0,01220703 0,006103516 0,003051758 0,01220703 
0,02441406 0,006103516 0,006103516 0,02441406 
-9,951172 0,01220703 0,01220703 0,04882813 
0,09765625 0,02441406 0,02441406 0,09765625 
0,1171875 -9,951172 0,04882813 0,1953125 
0,05859375 0,09765625 -9,941406 0,234375 
0,04882813 0,1171875 0,02929688 0,1171875 
0,04882813 0,05859375 0,02441406 0,09765625 
0,02441406 0,01220703 0,006103516 0,006103516 
0,04882813 0,01220703 0,01220703 -9,951172 
0,09765625 0,02441406 0,02441406 0,09765625 
0,1953125 0,04882813 -9,951172 0,1953125 
0,234375 0,09765625 0,09765625 0,390625 
0,1171875 0,1953125 0,1171875 0,46875 
0,09765625 0,234375 0,05859375 -9,765625 
0,09765625 0,1171875 0,04882813 0,1953125 
-9,951172 0,006103516 0,01220703 -9,951172 
0,09765625 0,006103516 0,02441406 0,09765625 
0,1953125 -9,951172 0,04882813 0,1953125 
0,390625 0,09765625 0,09765625 0,390625 
0,46875 0,1953125 0,1953125 0,78125 
-9,765625 0,390625 0,234375 0,9375 
0,1953125 0,46875 0,1171875 0,46875 
0,1953125 -9,765625 0,09765625 0,390625 
0,09765625 -9,951172 0,006103516 0,09765625 
0,1953125 -9,951172 -9,951172 0,1953125 
0,390625 0,09765625 0,09765625 0,390625 
0,78125 0,1953125 0,1953125 0,78125 
0,9375 0,390625 0,390625 1,5625 
0,46875 0,78125 0,46875 1,875 
0,390625 0,9375 -9,765625 -8,4375 
0,390625 0,46875 0,1953125 0,78125 
0,1953125 0,09765625 -9,951172 0,1953125 
0,390625 0,09765625 0,09765625 0,390625 
0,78125 0,1953125 0,1953125 0,1953125 
1,5625 0,390625 0,390625 -8,4375 
1,875 0,78125 0,78125 3,125 
-8,4375 1,5625 0,9375 3,75 
0,78125 1,875 0,46875 3,125 
0,78125 -8,4375 0,390625 1,5625 
0,390625 0,1953125 0,09765625 0,390625 
0,1953125 0,1953125 0,1953125 0,78125 
-8,4375 0,390625 0,390625 -8,4375 
3,125 0,1953125 0,78125 3,125 
3,75 -8,4375 1,5625 6,25 
3,125 3,125 1,875 7,5 
1,5625 3,75 -8,4375 6,25 
1,5625 3,125 0,78125 3,125 
0,78125 0,390625 0,1953125 0,78125 
-8,4375 0,390625 0,390625 1,5625 
3,125 0,78125 0,1953125 3,125 
6,25 -8,4375 -8,4375 6,25 
7,5 3,125 3,125 12,5 
6,25 6,25 3,75 15 
3,125 7,5 3,125 12,5 
3,125 6,25 1,5625 6,25 
1,5625 0,78125 0,390625 1,5625 
3,125 0,78125 0,78125 3,125 
6,25 1,5625 -8,4375 6,25 
12,5 3,125 3,125 12,5 
15 6,25 6,25 25 
12,5 12,5 7,5 50 
6,25 15 6,25 25 
6,25 12,5 3,125 12,5 
3,125 1,5625 0,78125 3,125 
6,25 1,5625 1,5625 6,25 
12,5 3,125 3,125 12,5 
25 6,25 6,25 25 
50 12,5 12,5 50 
25 25 15 100 
12,5 50 12,5 50 
12,5 25 6,25 25 
6,25 3,125 1,5625 1,5625 
12,5 3,125 3,125 3,125 
25 6,25 6,25 6,25 
50 12,5 12,5 12,5 
100 25 25 25 
0 0 0 0 
25 100 25 25 
25 50 12,5 12,5 
3,125 1,5625 3,125 1,5625 
6,25 1,5625 6,25 3,125 
12,5 3,125 12,5 6,25 
25 6,25 25 12,5 
50 12,5 50 25 
25 25 100 50 
12,5 50 50 25 
12,5 25 25 12,5 
